92 55
92 49
92 54
92 50
92 53
92 49
92 51
92 62
92 54
92 53
92 55
92 54
92 57
92 51
92 55
92 53
92 48
92 54
92 56
92 52
92 52
92 62
92 58
92 53
92 50
92 50
92 51
92 53
92 55
92 58
92 57
92 55
92 50
92 53
92 49
92 59
92 59
92 54
92 50
92 55
92 51
92 54
92 51
92 51
92 49
92 54
92 50
92 52
92 57
92 50
92 50
92 54
92 53
92 60
92 51
92 54
92 50
92 54
92 53
92 54
92 53
92 47
92 58
92 54
92 50
92 53
92 54
92 52
92 52
92 53
92 54
92 61
92 52
92 53
92 53
92 50
92 52
92 50
92 50
92 58
92 50
92 49
92 53
92 54
92 54
92 50
92 50
92 54
92 54
92 63
92 54
92 55
92 57
92 50
92 50
92 54
92 54
92 53
92 58
92 51
92 56
92 55
92 54
92 49
92 53
138 81
138 70
138 60
138 72
138 78
138 76
138 68
138 69
138 68
138 78
138 76
138 66
138 59
138 59
138 76
138 75
138 81
138 77
138 67
138 61
138 64
138 79
138 75
138 65
138 59
138 69
138 75
138 76
138 66
138 63
138 59
138 74
138 78
138 71
138 66
138 67
138 74
138 77
138 69
138 61
138 58
138 70
138 72
138 78
138 75
138 64
138 63
138 72
138 79
138 73
138 60
138 60
138 72
138 78
138 71
138 64
138 64
138 72
138 79
138 73
138 69
138 64
138 74
138 74
138 77
138 69
138 66
138 60
138 65
138 77
138 79
138 71
138 63
138 60
138 79
138 78
138 67
138 61
138 66
138 73
138 78
138 67
138 60
138 70
138 82
138 77
138 70
138 68
138 66
138 75
138 72
138 76
138 78
138 66
138 59
138 69
138 75
138 79
138 73
138 65
138 64
138 63
138 68
138 78
138 77
138 73
138 66
138 63
138 76
138 81
138 80
138 71
138 69
138 64
138 65
138 65
138 70
138 79
138 73
138 60
138 63
138 69
138 77
138 81
138 77
138 67
138 62
138 64
138 65
138 73
138 78
138 69
138 60
138 66
138 79
138 78
138 71
138 60
138 65
138 77
138 78
138 66
138 64
138 65
138 73
138 74
138 67
138 67
138 70
138 74
138 81
138 73
138 72
138 69
138 60
138 65
138 78
138 77
138 65
138 62
138 67
138 79
138 75
138 79
138 75
138 78
138 72
138 61
138 60
138 78
138 78
138 67
138 64
138 62
138 70
138 73
138 73
138 73
138 74
138 70
183 96
183 92
183 93
183 81
183 93
183 94
183 94
183 92
183 88
183 86
183 90
183 89
183 94
183 97
183 89
183 93
183 91
183 89
183 94
183 92
183 88
183 88
183 91
183 92
183 96
183 96
183 91
183 92
183 89
183 91
183 89
183 94
183 91
183 97
183 93
183 92
183 87
183 96
183 90
183 93
183 95
183 93
183 80
183 90
183 98
183 91
183 95
183 88
183 87
183 87
183 87
183 91
183 88
183 86
183 94
183 89
183 90
183 94
183 92
183 89
183 95
183 91
183 92
183 86
183 90
183 90
183 97
183 96
183 90
183 88
183 93
183 93
183 97
183 91
183 83
183 96
183 94
183 86
183 94
183 94
183 91
183 82
183 88
183 93
183 88
183 90
183 91
183 88
183 91
183 95
138 72
138 77
138 79
138 73
138 64
138 62
138 70
138 82
138 80
138 75
138 70
138 66
138 61
138 60
138 76
138 78
138 70
138 65
138 67
138 74
138 79
138 72
138 60
138 60
138 78
138 77
138 78
138 68
138 64
138 65
138 72
138 79
138 72
138 63
138 65
138 71
138 77
138 77
138 73
138 60
138 61
138 77
138 77
138 68
138 62
138 73
138 78
138 78
138 66
138 60
138 71
138 79
138 74
138 70
138 64
138 67
138 77
138 73
138 74
138 62
92 56
92 56
92 54
92 53
92 54
92 52
92 54
92 53
92 49
92 50
92 53
92 55
92 51
92 51
92 51
92 54
92 52
92 54
92 56
92 56
92 52
92 50
92 55
92 59
92 56
92 51
92 54
92 58
92 54
92 51
92 54
92 54
92 51
92 49
92 52
92 48
92 52
92 55
92 54
92 54
92 50
92 50
92 52
92 54
92 53
92 55
92 61
92 55
92 53
92 50
92 52
92 60
92 56
92 50
92 50
92 53
92 54
92 52
92 48
92 49

