1 2
1 2
2 14
2 11
2 13
3 12
3 13
3 19
4 26
4 26
4 29
5 31
5 31
5 31
6 43
6 47
6 42
7 48
7 46
7 45
8 56
8 55
8 54
9 59
9 63
9 57
10 69
10 71
10 69
11 70
11 61
11 58
12 67
12 57
12 64
13 62
13 54
13 53
14 66
14 69
14 60
15 78
15 63
15 74
16 66
16 78
16 82
17 81
17 79
17 77
18 87
18 80
18 81
19 89
19 86
19 86
20 87
20 93
20 88
21 96
21 85
21 88
22 97
22 100
22 94
23 102
23 88
23 103
24 96
24 90
24 95
25 105
25 111
25 106
26 105
26 109
26 109
27 101
27 106
27 110
28 112
28 114
28 120
29 119
29 110
29 103
30 120
30 112
30 115
31 118
31 119
31 123
32 117
32 115
32 121
33 124
33 119
33 119
34 131
34 134
34 131
35 128
35 122
35 136
36 133
36 156
36 145
37 145
37 144
37 150
38 152
38 139
38 154
39 146
39 142
39 146
40 156
40 161
40 150
41 156
41 150
41 149
42 157
42 157
42 146
43 157
43 158
43 158
44 164
44 149
44 151
45 160
45 167
45 150
46 154
46 158
46 170
47 157
47 148
47 157
48 160
48 169
48 167
49 165
49 157
49 160
50 161
50 161
50 169
51 168
51 173
51 170
52 161
52 167
52 153
53 165
53 167
53 153
54 164
54 167
54 165
55 168
55 158
55 170
56 156
56 179
56 178
57 163
57 147
57 144
58 156
58 149
58 148
59 151
59 157
59 149
60 161
60 164
60 160
61 165
61 171
61 168
62 171
62 177
62 183
63 169
63 170
63 179
64 181
64 181
64 178
65 170
65 168
65 177
66 173
66 179
66 174
67 171
67 174
67 173
68 181
68 169
68 174
69 172
69 182
69 175
70 172
70 168
70 175
71 167
71 174
71 175
72 183
72 177
72 180
73 181
73 177
73 176
74 178
74 178
74 176
75 181
75 178
75 177
76 185
76 188
76 185
77 182
77 176
77 182
78 181
78 179
78 176
79 185
79 178
79 179
80 180
80 177
80 177
81 180
81 181
81 175
82 179
82 175
82 179
83 181
83 176
83 178
84 173
84 178
84 177
85 169
85 177
85 182
86 180
86 176
86 169
87 180
87 179
87 177
88 174
88 178
88 178
89 175
89 172
89 170
90 173
90 173
90 171
91 174
91 177
91 173
92 175
92 174
92 172
93 172
93 167
93 171
94 175
94 169
94 168
95 169
95 169
95 172
96 170
96 170
96 167
97 169
97 168
97 167
98 166
98 171
98 164
99 168
99 167
99 165
100 166
100 166
100 169
101 164
101 167
101 165
102 169
102 160
102 163
103 165
103 164
103 160
104 162
104 164
104 162
105 163
105 160
105 162
106 163
106 162
106 162
107 158
107 160
107 152
108 158
108 160
108 150
109 157
109 153
109 158
110 148
110 150
110 162
111 139
111 147
111 156
112 149
112 144
112 150
113 155
113 157
113 158
114 152
114 137
114 158
115 144
115 146
115 150
116 151
116 151
116 148
117 150
117 146
117 153
118 154
118 154
118 150
119 150
119 151
119 152
120 153
120 149
120 150
121 149
121 148
121 151
122 149
122 150
122 147
123 148
123 146
123 148
124 148
124 148
124 151
125 149
125 146
125 144
126 151
126 149
126 146
127 150
127 148
127 147
128 149
128 150
128 147
129 148
129 149
129 146
130 148
130 143
130 149
131 148
131 146
131 144
132 149
132 148
132 145
133 143
133 149
133 147
134 146
134 146
134 143
135 144
135 143
135 146
136 144
136 142
136 143
137 140
137 146
137 140
138 145
138 140
138 140
139 139
139 139
139 141
140 138
140 138
140 139
141 139
141 139
141 138
142 138
142 138
142 136
143 136
143 138
143 133
144 136
144 135
144 134
145 129
145 136
145 129
146 128
146 129
146 128
147 127
147 132
147 128
148 130
148 129
148 129
149 126
149 129
149 130
150 127
150 126
150 127
151 128
151 127
151 127
152 127
152 126
152 126
153 122
153 123
153 123
154 123
154 120
154 120
155 119
155 119
155 116
156 117
156 117
156 118
157 118
157 115
157 112
158 115
158 109
158 114
159 111
159 111
159 112
160 107
160 114
160 114
161 114
161 113
161 114
162 115
162 110
162 102
163 103
163 104
163 108
164 104
164 103
164 108
165 102
165 106
165 105
166 107
166 106
166 102
167 101
167 100
167 100
168 100
168 99
168 98
169 98
169 97
169 97
170 96
170 97
170 96
171 95
171 95
171 95
172 95
172 95
172 94
173 95
173 92
173 93
174 92
174 91
174 90
175 90
175 91
175 90
176 91
176 90
176 89
177 89
177 88
177 88
178 87
178 87
178 87
179 86
179 87
179 86
180 86
180 87
180 84
181 85
181 84
181 83
182 83
182 82
182 83
183 82
183 81
183 81
184 81
184 80
184 80
185 80
185 80
185 79
186 79
186 78
186 78
187 77
187 77
187 77
188 77
188 76
188 76
189 76
189 75
189 74
190 76
190 73
190 74
191 73
191 73
191 72
192 72
192 71
192 71
193 72
193 71
193 70
194 70
194 69
194 69
195 69
195 68
195 68
196 68
196 68
196 67
197 67
197 67
197 67
198 65
198 65
198 65
199 65
199 64
199 65
200 63
200 63
200 62
201 63
201 62
201 61
202 62
202 60
202 62
203 60
203 61
203 61
204 57
204 59
204 59
205 59
205 58
205 58
206 58
206 58
206 58
207 57
207 57
207 57
208 56
208 55
208 55
209 55
209 55
209 55
210 55
210 54
210 55
211 54
211 53
211 53
212 54
212 53
212 52
213 52
213 52
213 52
214 52
214 50
214 51
215 50
215 50
215 50
216 50
216 49
216 49
217 48
217 49
217 49
218 47
218 48
218 48
219 47
219 47
219 47
220 47
220 46
220 47
221 46
221 45
221 45
222 44
222 43
222 43
223 43
223 43
223 42
224 42
224 42
224 42
225 41
225 41
225 40
226 39
226 40
226 40
227 39
227 39
227 39
228 38
228 38
228 37
229 37
229 37
229 37
230 37
230 36
230 36
231 36
231 36
231 35
232 35
232 34
232 34
233 33
233 33
233 33
234 33
234 33
234 32
235 32
235 32
235 31
236 31
236 31
236 31
237 30
237 30
237 30
238 30
238 29
238 29
239 29
239 28
239 29
239 29
239 29
239 28
239 29
239 29
239 29
239 28
239 29
239 29
239 29
239 28
239 29
239 29
239 29
239 29
239 28
239 28
239 28
239 29
239 29
239 28
239 29
239 29
239 28
239 29
239 28
239 28
239 29
239 28
239 29
239 28
239 29
239 29
238 29
238 28
238 28
237 29
237 29
237 29
236 28
236 29
236 29
235 30
235 29
235 30
234 30
234 31
234 31
233 31
233 32
233 32
232 32
232 32
232 33
231 33
231 33
231 34
230 34
230 34
230 35
229 35
229 35
229 35
228 36
228 36
228 36
227 37
227 37
227 37
226 37
226 38
226 38
225 38
225 39
225 39
224 39
224 40
224 40
223 41
223 41
223 41
222 40
222 41
222 42
221 42
221 44
221 43
220 43
220 44
220 44
219 44
219 45
219 45
218 46
218 46
218 46
217 47
217 47
217 47
216 47
216 47
216 47
215 47
215 49
215 49
214 48
214 49
214 49
213 51
213 50
213 50
212 51
212 51
212 51
211 51
211 52
211 52
210 54
210 53
210 54
209 54
209 55
209 54
208 54
208 54
208 54
207 55
207 55
207 56
206 56
206 56
206 57
205 57
205 58
205 56
204 58
204 57
204 58
203 58
203 59
203 59
202 60
202 59
202 59
201 61
201 61
201 61
200 62
200 59
200 60
199 63
199 63
199 63
198 63
198 64
198 64
197 64
197 64
197 65
196 65
196 66
196 67
195 67
195 67
195 68
194 68
194 68
194 69
193 69
193 70
193 70
192 70
192 70
192 71
191 71
191 72
191 71
190 72
190 73
190 73
189 73
189 75
189 74
188 74
188 75
188 75
187 75
187 76
187 77
186 77
186 78
186 77
185 78
185 78
185 79
184 79
184 79
184 80
183 80
183 80
183 81
182 81
182 82
182 82
181 82
181 83
181 83
180 83
180 83
180 85
179 85
179 85
179 86
178 86
178 86
178 87
177 87
177 88
177 87
176 88
176 89
176 87
175 89
175 89
175 90
174 90
174 90
174 91
173 91
173 90
173 92
172 93
172 93
172 94
171 94
171 94
171 94
170 94
170 95
170 96
169 96
169 95
169 97
168 97
168 97
168 98
167 99
167 99
167 100
166 100
166 100
166 100
165 101
165 102
165 102
164 103
164 105
164 104
163 106
163 107
163 106
162 109
162 108
162 109
161 116
161 110
161 107
160 118
160 104
160 117
159 122
159 122
159 122
158 108
158 120
158 118
157 121
157 122
157 120
156 119
156 122
156 120
155 122
155 123
155 124
154 121
154 123
154 123
153 125
153 125
153 124
152 127
152 127
152 126
151 128
151 129
151 127
150 127
150 131
150 129
149 129
149 132
149 130
148 130
148 133
148 131
147 133
147 130
147 135
146 134
146 134
146 134
145 134
145 138
145 133
144 132
144 134
144 133
143 139
143 135
143 138
142 140
142 138
142 138
141 137
141 139
141 137
140 137
140 141
140 143
139 140
139 141
139 140
138 140
138 140
138 144
137 142
137 143
137 139
136 144
136 142
136 144
135 140
135 144
135 143
134 143
134 145
134 143
133 143
133 145
133 147
132 147
132 149
132 144
131 147
131 146
131 144
130 146
130 148
130 149
129 146
129 147
129 149
128 150
128 147
128 148
127 149
127 148
127 146
126 152
126 148
126 150
125 150
125 150
125 150
124 152
124 151
124 149
123 153
123 148
123 153
122 154
122 152
122 154
121 153
121 155
121 155
120 153
120 156
120 156
119 156
119 157
119 155
118 156
118 154
118 159
117 156
117 155
117 155
116 155
116 158
116 155
115 150
115 153
115 154
114 147
114 157
114 151
113 152
113 151
113 153
112 138
112 156
112 164
111 160
111 149
111 143
110 146
110 151
110 148
109 145
109 145
109 146
108 145
108 144
108 139
107 147
107 151
107 157
106 158
106 152
106 156
105 159
105 157
105 158
104 157
104 162
104 159
103 163
103 161
103 161
102 163
102 159
102 160
101 164
101 162
101 160
100 160
100 165
100 163
99 161
99 162
99 160
98 159
98 162
98 164
97 161
97 164
97 161
96 158
96 164
96 162
95 162
95 161
95 157
94 160
94 158
94 159
93 159
93 162
93 159
92 159
92 159
92 160
91 154
91 160
91 160
90 162
90 161
90 156
89 160
89 162
89 155
88 164
88 160
88 160
87 158
87 165
87 165
86 162
86 160
86 163
85 168
85 158
85 165
84 159
84 155
84 157
83 164
83 162
83 162
82 164
82 160
82 168
81 162
81 165
81 166
80 155
80 163
80 160
79 161
79 166
79 163
78 163
78 158
78 167
77 167
77 163
77 164
76 166
76 167
76 164
75 158
75 160
75 165
74 160
74 165
74 165
73 160
73 167
73 166
72 166
72 163
72 165
71 162
71 167
71 166
70 162
70 160
70 166
69 161
69 159
69 170
68 163
68 160
68 171
67 161
67 164
67 166
66 162
66 164
66 167
65 161
65 169
65 161
64 163
64 164
64 166
63 160
63 154
63 165
62 157
62 156
62 165
61 159
61 163
61 150
60 156
60 153
60 152
59 151
59 161
59 150
58 145
58 156
58 172
57 157
57 129
57 146
56 130
56 131
56 132
55 127
55 130
55 129
54 130
54 132
54 141
53 161
53 139
53 147
52 150
52 152
52 147
51 163
51 158
51 155
50 153
50 153
50 148
49 155
49 157
49 160
48 160
48 146
48 164
47 154
47 159
47 163
46 157
46 149
46 152
45 160
45 143
45 165
44 151
44 146
44 144
43 138
43 147
43 147
42 157
42 153
42 158
41 144
41 145
41 145
40 148
40 154
40 144
39 150
39 138
39 148
38 142
38 142
38 155
37 139
37 133
37 145
36 135
36 127
36 142
35 125
35 137
35 148
34 147
34 130
34 139
33 119
33 135
33 132
32 131
32 126
32 130
31 119
31 118
31 132
30 116
30 127
30 127
29 121
29 108
29 116
28 120
28 121
28 114
27 110
27 107
27 109
26 100
26 109
26 111
25 109
25 99
25 115
24 98
24 100
24 103
23 105
23 95
23 103
22 101
22 97
22 97
21 84
21 100
21 96
20 86
20 94
20 93
19 88
19 87
19 94
18 89
18 80
18 86
17 75
17 82
17 78
16 80
16 78
16 71
15 65
15 71
15 68
14 71
14 61
14 77
13 59
13 55
13 62
12 63
12 70
12 61
11 46
11 66
11 56
10 49
10 59
10 48
9 50
9 55
9 46
8 40
8 48
8 46
7 37
7 34
7 40
6 34
6 35
6 37
5 28
5 29
5 23
4 26
4 20
4 30
3 21
3 14
3 14
2 19
2 15
1 2
1 2

