4 28
4 28
1 2
1 1
1 2
1 1
1 1
1 1
1 1
2 12
2 12
2 9
2 12
2 12
2 12
2 12
2 9
2 12
2 9
2 12
2 9
3 10
3 13
3 10
3 10
3 10
3 7
3 15
3 13
3 10
3 10
3 10
3 7
3 15
3 13
3 10
4 23
4 28
4 24
4 24
4 24
4 27
4 29
4 25
4 27
4 25
4 25
4 25
4 25
4 28
4 25
5 30
5 33
5 30
5 30
5 30
5 33
5 35
5 35
5 30
5 30
5 30
5 30
5 32
5 28
5 30
6 41
6 43
6 41
6 41
6 41
6 42
6 42
6 41
6 41
6 46
6 46
6 44
6 44
6 41
6 42
7 47
7 47
7 45
7 45
7 47
7 45
7 45
7 45
7 47
7 45
7 41
7 47
7 49
7 43
7 45
8 55
8 52
8 54
8 55
8 55
8 56
8 56
8 56
8 58
8 56
8 56
8 58
8 57
8 56
8 56
9 58
9 60
9 59
9 57
9 45
9 46
9 49
9 43
9 45
9 47
9 44
9 43
9 46
9 42
9 47
10 54
10 53
10 52
10 52
10 53
10 61
10 53
10 49
10 48
10 53
10 54
10 55
10 54
10 53
10 49
11 58
11 51
11 60
11 53
11 49
11 54
11 60
11 51
11 52
11 55
11 51
11 53
11 54
11 52
11 50
12 60
12 64
12 64
12 63
12 67
12 52
12 68
12 65
12 59
12 63
12 63
12 51
12 70
12 65
12 53
13 64
13 70
13 62
13 56
13 54
13 52
13 58
13 62
13 68
13 68
13 73
13 70
13 68
13 71
13 69
14 68
14 71
14 77
14 76
14 59
14 68
14 76
14 59
14 74
14 76
14 58
14 58
14 76
14 76
14 59
15 78
15 66
15 72
15 66
15 74
15 67
15 78
15 63
15 73
15 64
15 64
15 73
15 61
15 72
15 63
16 79
16 78
16 86
16 77
16 69
16 75
16 71
16 78
16 77
16 80
16 81
16 72
16 74
16 75
16 76
17 73
17 79
17 75
17 76
17 79
17 80
17 71
17 78
17 75
17 72
17 81
17 74
17 73
17 84
17 72
18 87
18 82
18 87
18 79
18 81
18 82
18 83
18 83
18 83
18 84
18 87
18 78
18 85
18 84
18 88
19 86
19 85
19 87
19 87
19 80
19 80
19 78
19 77
19 76
19 87
19 84
19 89
19 87
19 88
19 79
20 91
20 95
20 93
20 86
20 83
20 90
20 95
20 85
20 90
20 94
20 92
20 88
20 86
20 89
20 84
20 89
20 98
20 86
20 91
20 95
20 91
20 87
20 84
20 92
20 96
20 86
20 90
20 87
20 85
20 87
20 85
20 88
20 87
20 84
20 90
20 94
20 90
20 94
20 94
20 90
20 87
20 91
20 95
20 82
20 91
20 94
20 91
20 88
20 80
20 95
20 87
20 94
20 92
20 87
20 85
20 91
20 85
20 90
20 87
20 88
20 87
20 94
20 94
20 90
20 94
20 92
20 94
20 87
20 96
20 82
20 90
20 94
20 91
20 88
20 88
20 90
20 87
20 84
20 89
20 94
20 91
20 89
20 94
20 91
20 87
20 89
20 87
20 80
20 93
20 89
20 94
20 89
20 88
20 90
20 87
20 82
20 93
20 95
20 88
20 88
20 86
20 89
20 89
20 94
20 88
21 88
21 96
21 88
21 89
21 88
21 84
21 90
21 94
21 90
21 94
21 91
21 91
21 94
21 94
21 83
22 96
22 107
22 98
22 97
22 99
22 93
22 93
22 96
22 104
22 99
22 100
22 95
22 96
22 95
22 96
23 90
23 109
23 98
23 96
23 102
23 92
23 94
23 96
23 98
23 100
23 105
23 90
23 102
23 96
23 99
24 110
24 104
24 106
24 105
24 103
24 108
24 110
24 107
24 106
24 106
24 100
24 88
24 100
24 92
24 102
25 102
25 101
25 106
25 110
25 98
25 99
25 106
25 108
25 101
25 103
25 101
25 95
25 101
25 112
25 100
26 106
26 110
26 111
26 109
26 110
26 103
26 109
26 108
26 106
26 110
26 105
26 104
26 113
26 105
26 102
27 115
27 109
27 112
27 107
27 108
27 106
27 99
27 104
27 108
27 103
27 104
27 110
27 99
27 107
27 108
28 110
28 111
28 110
28 113
28 112
28 118
28 105
28 114
28 116
28 112
28 112
28 109
28 115
28 105
28 114
29 115
29 119
29 117
29 117
29 115
29 113
29 108
29 109
29 120
29 116
29 115
29 113
29 114
29 117
29 115
30 113
30 109
30 120
30 120
30 117
30 117
30 104
30 118
30 115
30 115
30 118
30 119
30 117
30 119
30 109
31 111
31 116
31 117
31 120
31 108
31 112
31 115
31 114
31 116
31 123
31 114
31 118
31 124
31 121
31 121
32 122
32 118
32 119
32 113
32 126
32 121
32 123
32 124
32 117
32 125
32 117
32 125
32 123
32 124
32 117
33 115
33 127
33 117
33 125
33 121
33 120
33 128
33 116
33 125
33 124
33 121
33 117
33 125
33 120
33 119
34 131
34 131
34 126
34 131
34 128
34 128
34 131
34 129
34 130
34 127
34 131
34 125
34 119
34 120
34 121
35 132
35 129
35 132
35 119
35 130
35 125
35 121
35 129
35 130
35 123
35 121
35 126
35 126
35 131
35 127
36 132
36 133
36 130
36 125
36 135
36 134
36 127
36 126
36 132
36 132
36 135
36 128
36 132
36 126
36 132
37 127
37 132
37 132
37 134
37 131
37 130
37 132
37 133
37 124
37 132
37 130
37 134
37 133
37 131
37 132
38 138
38 142
38 158
38 143
38 142
38 157
38 148
38 150
38 157
38 159
38 161
38 160
38 150
38 158
38 149
39 158
39 161
39 151
39 160
39 153
39 154
39 143
39 154
39 144
39 160
39 158
39 157
39 155
39 159
39 157
40 160
40 161
40 165
40 151
40 163
40 162
40 166
40 155
40 162
40 158
40 166
40 167
40 161
40 160
40 168
41 169
41 164
41 164
41 165
41 156
41 170
41 165
41 160
41 164
41 159
41 160
41 161
41 163
41 163
41 170
42 174
42 171
42 170
42 169
42 162
42 173
42 172
42 172
42 172
42 172
42 170
42 172
42 169
42 175
42 171
43 174
43 171
43 160
43 174
43 168
43 163
43 174
43 165
43 156
43 158
43 171
43 158
43 160
43 162
43 163
44 171
44 165
44 168
44 170
44 172
44 178
44 176
44 168
44 175
44 168
44 158
44 173
44 177
44 176
44 173
45 165
45 182
45 168
45 160
45 165
45 173
45 178
45 164
45 152
45 170
45 177
45 162
45 158
45 164
45 176
46 172
46 165
46 174
46 177
46 161
46 176
46 156
46 177
46 156
46 175
46 163
46 174
46 163
46 178
46 161
47 181
47 162
47 170
47 172
47 178
47 174
47 166
47 163
47 165
47 171
47 175
47 171
47 166
47 163
47 162
48 170
48 176
48 172
48 163
48 163
48 168
48 181
48 171
48 172
48 176
48 170
48 174
48 167
48 179
48 175
49 177
49 173
49 176
49 184
49 172
49 176
49 174
49 178
49 160
49 166
49 155
49 158
49 162
49 164
49 169
50 169
50 164
50 172
50 164
50 162
50 164
50 166
50 162
50 174
50 173
50 168
50 165
50 175
50 173
50 174
50 163
50 169
50 174
50 166
50 162
50 177
50 177
50 173
50 164
50 173
50 164
50 169
50 174
50 179
50 164
50 173
50 166
50 177
50 171
50 163
50 166
50 173
50 175
50 166
50 175
50 170
50 171
50 167
50 172
50 181
50 169
50 170
50 167
50 171
50 176
50 168
50 179
50 172
50 181
50 178
50 169
50 166
50 173
50 176
50 170
50 174
50 173
50 174
50 171
50 173
50 167
50 180
50 179
50 176
50 180
50 171
50 169
50 166
50 168
50 171
50 175
50 180
50 181
50 170
50 179
50 173
50 177
50 175
50 171
50 172
50 178
50 175
50 175
50 171
50 168
50 173
50 174
50 170
50 172
50 175
50 167
50 168
50 160
50 164
50 160
50 160
50 168
50 160
50 172
50 161
51 167
51 162
51 159
51 161
51 163
51 163
51 156
51 162
51 163
51 164
51 152
51 168
51 166
51 153
51 158
52 158
52 174
52 172
52 167
52 162
52 168
52 171
52 166
52 153
52 166
52 155
52 166
52 171
52 177
52 168
53 157
53 164
53 165
53 163
53 165
53 161
53 166
53 168
53 174
53 159
53 174
53 172
53 177
53 166
53 176
54 168
54 170
54 168
54 168
54 164
54 165
54 165
54 165
54 168
54 174
54 169
54 169
54 170
54 170
54 165
55 174
55 170
55 167
55 159
55 168
55 178
55 164
55 165
55 176
55 170
55 152
55 168
55 174
55 162
55 164
56 178
56 161
56 179
56 163
56 186
56 158
56 177
56 176
56 156
56 186
56 168
56 165
56 183
56 154
56 180
57 177
57 154
57 154
57 151
57 156
57 152
57 153
57 153
57 154
57 154
57 154
57 155
57 155
57 156
57 157
58 161
58 162
58 161
58 161
58 160
58 161
58 161
58 162
58 161
58 159
58 161
58 163
58 162
58 163
58 164
59 163
59 163
59 159
59 161
59 162
59 160
59 162
59 162
59 166
59 164
59 166
59 166
59 168
59 167
59 168
60 170
60 176
60 168
60 171
60 172
60 174
60 172
60 174
60 172
60 173
60 172
60 175
60 175
60 170
60 171
61 172
61 175
61 172
61 170
61 172
61 172
61 174
61 175
61 171
61 176
61 176
61 173
61 176
61 175
61 176
62 178
62 182
62 177
62 176
62 177
62 178
62 179
62 178
62 178
62 178
62 178
62 178
62 179
62 183
62 177
63 175
63 183
63 184
63 183
63 181
63 182
63 181
63 181
63 184
63 186
63 183
63 185
63 184
63 183
63 184
64 187
64 197
64 182
64 180
64 175
64 182
64 184
64 187
64 188
64 177
64 188
64 179
64 191
64 184
64 190
65 181
65 192
65 183
65 185
65 184
65 187
65 191
65 180
65 179
65 177
65 177
65 186
65 174
65 182
65 181
66 176
66 175
66 180
66 183
66 184
66 186
66 186
66 187
66 189
66 185
66 183
66 191
66 177
66 184
66 188
67 185
67 180
67 186
67 185
67 181
67 178
67 184
67 184
67 183
67 190
67 182
67 189
67 187
67 182
67 182
68 186
68 176
68 184
68 179
68 187
68 192
68 186
68 186
68 184
68 192
68 196
68 187
68 186
68 188
68 181
69 186
69 180
69 190
69 178
69 189
69 196
69 183
69 195
69 181
69 193
69 193
69 192
69 180
69 192
69 186
70 191
70 181
70 196
70 181
70 195
70 190
70 183
70 181
70 188
70 182
70 180
70 179
70 184
70 187
70 180
71 177
71 176
71 176
71 178
71 178
71 182
71 181
71 184
71 183
71 183
71 180
71 176
71 178
71 180
71 169
72 175
72 174
72 181
72 174
72 177
72 180
72 172
72 175
72 179
72 171
72 176
72 176
72 178
72 176
72 179
73 177
73 178
73 172
73 175
73 178
73 177
73 173
73 177
73 177
73 171
73 180
73 177
73 176
73 173
73 174
74 170
74 176
74 178
74 175
74 179
74 177
74 178
74 176
74 173
74 171
74 173
74 178
74 176
74 175
74 179
75 172
75 172
75 175
75 171
75 173
75 174
75 176
75 173
75 176
75 170
75 178
75 172
75 173
75 170
75 172
76 173
76 180
76 176
76 166
76 172
76 174
76 172
76 176
76 174
76 170
76 168
76 166
76 168
76 173
76 172
77 176
77 179
77 170
77 177
77 172
77 175
77 172
77 170
77 174
77 172
77 173
77 173
77 173
77 176
77 172
78 168
78 172
78 172
78 168
78 173
78 174
78 174
78 171
78 172
78 172
78 176
78 174
78 174
78 177
78 175
79 173
79 176
79 169
79 172
79 169
79 175
79 175
79 174
79 173
79 176
79 174
79 172
79 171
79 174
79 170
80 175
80 171
80 172
80 172
80 172
80 176
80 168
80 175
80 169
80 173
80 169
80 175
80 170
80 172
80 170
81 169
81 173
81 172
81 174
81 175
81 176
81 171
81 167
81 172
81 172
81 172
81 169
81 172
81 172
81 167
82 171
82 172
82 174
82 174
82 169
82 172
82 174
82 175
82 171
82 171
82 171
82 170
82 169
82 172
82 171
83 171
83 173
83 173
83 171
83 170
83 172
83 172
83 171
83 171
83 172
83 171
83 168
83 165
83 169
83 170
84 171
84 172
84 169
84 172
84 171
84 170
84 167
84 173
84 169
84 171
84 173
84 172
84 174
84 171
84 170
85 174
85 170
85 168
85 172
85 168
85 166
85 174
85 165
85 168
85 174
85 168
85 172
85 172
85 166
85 171
86 174
86 166
86 162
86 168
86 170
86 174
86 175
86 176
86 174
86 175
86 176
86 176
86 177
86 174
86 176
87 174
87 165
87 174
87 173
87 171
87 173
87 173
87 168
87 168
87 168
87 174
87 170
87 169
87 171
87 174
88 173
88 172
88 172
88 168
88 172
88 168
88 171
88 167
88 170
88 169
88 165
88 169
88 169
88 167
88 170
89 171
89 174
89 174
89 172
89 169
89 169
89 170
89 173
89 172
89 167
89 171
89 174
89 172
89 168
89 171
90 171
90 171
90 173
90 167
90 171
90 166
90 174
90 170
90 169
90 174
90 171
90 173
90 170
90 165
90 174
91 169
91 167
91 171
91 166
91 175
91 169
91 174
91 167
91 168
91 169
91 173
91 170
91 171
91 174
91 169
92 173
92 177
92 170
92 169
92 173
92 167
92 168
92 175
92 168
92 171
92 175
92 171
92 173
92 173
92 172
93 171
93 176
93 167
93 168
93 171
93 170
93 175
93 170
93 174
93 171
93 171
93 171
93 170
93 174
93 175
94 170
94 172
94 169
94 171
94 173
94 171
94 171
94 169
94 168
94 170
94 174
94 174
94 174
94 171
94 172
95 176
95 170
95 172
95 168
95 174
95 172
95 170
95 172
95 171
95 173
95 172
95 165
95 173
95 172
95 174
96 172
96 172
96 170
96 170
96 170
96 170
96 168
96 174
96 172
96 168
96 172
96 171
96 172
96 169
96 170
97 169
97 167
97 175
97 168
97 171
97 166
97 167
97 172
97 170
97 170
97 169
97 169
97 170
97 174
97 168
98 173
98 170
98 171
98 169
98 169
98 171
98 171
98 167
98 168
98 171
98 168
98 172
98 171
98 170
98 166
99 169
99 173
99 169
99 169
99 172
99 166
99 171
99 168
99 170
99 163
99 172
99 166
99 172
99 168
99 169
100 172
100 167
100 172
100 170
100 168
100 167
100 170
100 166
100 170
100 169
100 169
100 168
100 167
100 168
100 166
100 169
100 167
100 168
100 170
100 167
100 171
100 167
100 168
100 168
100 168
100 169
100 164
100 168
100 167
100 167
100 170
100 167
100 171
100 167
100 169
100 167
100 167
100 170
100 167
100 171
100 166
100 170
100 170
100 169
100 168
100 167
100 170
100 166
100 170
100 166
100 169
100 170
100 168
100 171
100 166
100 167
100 167
100 166
100 169
100 166
100 168
100 164
100 171
100 167
100 169
100 165
100 170
100 165
100 167
100 166
100 169
100 163
100 168
100 168
100 166
100 169
100 167
100 168
100 165
100 167
100 168
100 171
100 167
100 168
100 169
100 169
100 170
100 167
100 167
100 166
100 169
100 168
100 171
100 165
100 169
100 168
100 167
100 170
100 168
100 170
100 164
100 169
100 167
100 166
100 169

